Jahr	Bedarfsabklärung	Behandlungspflege	Grundpflege
2011	0.045	0.293	0.663
2012	0.057	0.298	0.645
2013	0.062	0.307	0.631
2014	0.060	0.309	0.630
2015	0.059	0.309	0.632
2016	0.057	0.295	0.649
2017	0.057	0.303	0.640
2018	0.066	0.308	0.626
2019	0.068	0.310	0.622
2020	0.068	0.324	0.608
2021	0.068	0.330	0.602
2022	0.073	0.331	0.596
2023	0.077	0.324	0.599
2024	0.078	0.312	0.610